0 Author: KaiN
0 !LICENSE MIT

1 0 0 -80 70 0 1 0 -0.6 0 0.8 0.8 0 0.6 6629.dat
0 STEP
1 7 10 0 170 -1 0 0 0 -1 0 0 0 1 3673.dat
1 7 10 0 150 -1 0 0 0 -1 0 0 0 1 3673.dat
0 STEP
1 0 20 -80 250 0 -1 0 -0.6 0 0.8 -0.8 0 -0.6 6629.dat
0 STEP
1 7 30 0 190 1 0 0 0 0.866 0.5 0 -0.5 0.866 3749.dat
1 0 40 0 190 0 -1 0 0.866 0 0.5 -0.5 0 0.866 2825.dat
1 7 30 30 241.961 1 0 0 0 0.5 0.866 0 -0.866 0.5 3749.dat
0 STEP
1 0 20 20 241.961 0 0 -1 0 1 0 1 0 0 3700.dat
0 STEP
1 7 45 30 241.961 0 0 -1 -0.5 0.866 0 0.866 0.5 0 32123a.dat
0 STEP
1 7 -10 0 130 -1 0 0 0 0.5 -0.866 0 -0.866 -0.5 3749.dat
0 STEP
1 0 -20 0 130 0 1 0 0.866 0 0.5 0.5 0 -0.866 2825.dat
0 STEP
1 7 -10 30 78.038 -1 0 0 0 -0.5 -0.866 0 -0.866 0.5 3749.dat
0 STEP
1 0 0 20 78.038 0 0 1 0 1 0 -1 0 0 3700.dat
1 7 -25 30 78.038 0 0 1 -0.5 0.866 0 -0.866 -0.5 0 32123a.dat
