0 FILE main.ldr
0 Author: KaiN
0 !LICENSE MIT

1 16 20 -88 -370 1 0 0 0 1 0 0 0 1 conveyor_support_a.ldr
1 7 -120 -88 496.076 -1 0 0 0 1 0 0 0 -1 conveyor_support_a.ldr
1 7 -120 -64 -390 1 0 0 0 1 0 0 0 1 conveyor_support_b.ldr
1 7 20 -64 506.076 -1 0 0 0 1 0 0 0 -1 conveyor_support_b.ldr
1 7 -150 44 288.038 -1 0 0 0 1 0 0 0 -1 u1193.dat
1 7 -150 44 -191.962 -1 0 0 0 1 0 0 0 -1 u1193.dat
1 7 -240 -64 -390 1 0 0 0 1 0 0 0 1 conveyor_support_b.ldr
1 0 100 22 -101.962 0 0 1 0 1 0 -1 0 0 frame_support_a.ldr
1 0 -356 22 -61.962 1 0 0 0 1 0 0 0 1 frame_support_a.ldr
1 0 80 30 208.038 0 0 1 0 1 0 -1 0 0 frame_support_b.ldr
1 0 -336 30 208.038 0 0 1 0 1 0 -1 0 0 frame_support_b.ldr
1 16 40 -80 -213.923 -1 0 0 0 1 0 0 0 -1 main_conveyor_body.ldr
1 0 -140 -80 339.999 1 0 0 0 1 0 0 0 1 main_conveyor_body.ldr
1 7 60 -22 -101.962 0 1 0 -1 0 0 0 0 1 4109810.dat
1 7 -340 -26 -101.962 0 1 0 -1 0 0 0 0 1 4109810.dat
1 7 -340 -26 158.038 0 1 0 -1 0 0 0 0 1 4109810.dat
1 7 -340 -26 258.038 0 1 0 -1 0 0 0 0 1 4109810.dat
1 7 60 -26 158.038 0 1 0 -1 0 0 0 0 1 4109810.dat
1 7 60 -20 258.038 0 1 0 -1 0 0 0 0 1 4109810.dat
1 7 60 -42 -101.962 0 1 0 0 0 1 1 0 0 6538a.dat
1 7 60 -42 158.038 0 1 0 0 0 1 1 0 0 6538a.dat
1 7 60 -40 258.038 0 1 0 0 0 1 1 0 0 6538a.dat
1 7 -356 -42 -101.962 0 1 0 0 0 -1 -1 0 0 6538a.dat
1 7 -356 -42 158.038 0 1 0 0 0 -1 -1 0 0 6538a.dat
1 7 -356 -42 258.038 0 1 0 0 0 -1 -1 0 0 6538a.dat
1 0 60 -146 -101.962 0 1 0 1 0 0 0 0 -1 3737.dat
1 0 60 -146 158.038 0 1 0 1 0 0 0 0 -1 3737.dat
1 0 60 -143 258.038 0 1 0 1 0 0 0 0 -1 3737.dat
1 7 60 -243 -101.962 0 1 0 0 0 1 1 0 0 6538a.dat
1 7 60 -243 158.038 0 1 0 0 0 1 1 0 0 6538a.dat
1 7 60 -243 258 0 1 0 0 0 1 1 0 0 6538a.dat
1 0 -356 -146 -101.962 0 1 0 1 0 0 0 0 -1 3737.dat
1 0 -356 -146 158.038 0 1 0 1 0 0 0 0 -1 3737.dat
1 0 -356 -146 258.038 0 1 0 1 0 0 0 0 -1 3737.dat
1 7 -356 -242 -101.962 0 1 0 0 0 -1 -1 0 0 6538a.dat
1 7 -356 -242 158.038 0 1 0 0 0 -1 -1 0 0 6538a.dat
1 7 -356 -242 258.038 0 1 0 0 0 -1 -1 0 0 6538a.dat
1 7 60 -280 -102 0 1 0 1 0 0 0 0 -1 370526.dat
1 7 60 -290 158.038 0 1 0 1 0 0 0 0 -1 370526.dat
1 7 60 -296 258.038 0 1 0 1 0 0 0 0 -1 370526.dat
1 7 60 -273 -82 0 -1 0 1 0 0 0 0 1 32039.dat
1 7 60 -273 138 0 1 0 1 0 0 0 0 -1 32039.dat
1 7 60 -74 -81.962 0 -1 0 1 0 0 0 0 1 32039.dat
1 7 60 -273 30 0 1 0 0 0 1 1 0 0 370826.dat
1 7 60 -74 28.038 0 1 0 0 0 1 1 0 0 370826.dat
1 7 60 -74 158.038 0 1 0 1 0 0 0 0 -1 32034.dat
1 7 60 -74 238.038 0 1 0 1 0 0 0 0 -1 32039.dat
1 7 60 -74 208.038 0 1 0 0 0 1 1 0 0 370526.dat
1 7 60 -346 258.038 0 1 0 0 0 -1 -1 0 0 32015.dat
1 7 60 -346 158.038 0 1 0 0 0 -1 -1 0 0 32015.dat
1 7 60 -346 -101.962 0 1 0 0 0 -1 -1 0 0 32015.dat
1 7 -10 -375 258.038 -0.924 0 0.383 -0.383 0 -0.924 0 -1 0 370626.dat
1 7 -10 -375 158.038 -0.924 0 0.383 -0.383 0 -0.924 0 -1 0 370626.dat
1 7 -10 -375 -101.962 -0.924 0 0.383 -0.383 0 -0.924 0 -1 0 370626.dat
1 7 -65.433 -397.961 -101.962 0.383 0 0.924 -0.924 0 0.383 0 -1 0 6538a.dat
1 7 -65.433 -397.961 158.038 0.383 0 0.924 -0.924 0 0.383 0 -1 0 6538a.dat
1 7 -65.433 -397.961 258.038 0.383 0 0.924 -0.924 0 0.383 0 -1 0 6538a.dat
1 7 60 -346 208.038 0 1 0 0 0 -1 -1 0 0 370726.dat
1 7 60 -346 278.038 0 1 0 -1 0 0 0 0 1 6590.dat
1 7 -102.388 -413.268 258.038 -0.924 0 0.383 -0.383 0 -0.924 0 -1 0 370526.dat
1 7 -102.388 -413.268 158.038 -0.924 0 0.383 -0.383 0 -0.924 0 -1 0 370526.dat
1 7 -102.388 -413.268 -101.962 -0.924 0 0.383 -0.383 0 -0.924 0 -1 0 370526.dat
1 7 -88.53 -407.528 158.038 0.383 0 0.924 -0.924 0 0.383 0 -1 0 32123a.dat
1 7 -88.53 -407.528 -101.962 -0.383 0 -0.924 0.924 0 -0.383 0 -1 0 32123a.dat
1 7 -102.388 -413.268 138.038 -0.924 -0.383 0 -0.383 0.924 0 0 0 -1 32039.dat
1 7 -102.388 -413.268 -81.962 -0.924 0.383 0 -0.383 -0.924 0 0 0 1 32039.dat
1 7 60 -346 238.038 0 1 0 -1 0 0 0 0 1 6590.dat
1 7 60 -346 178.038 0 1 0 -1 0 0 0 0 1 6590.dat
1 7 -102.388 -413.268 28.038 0 0.383 -0.924 0 -0.924 -0.383 -1 0 0 370826.dat
1 7 -116.246 -419.009 158.038 0.383 0 0.924 -0.924 0 0.383 0 -1 0 32123a.dat
1 7 -116.246 -419.009 -101.962 -0.383 0 -0.924 0.924 0 -0.383 0 -1 0 32123a.dat
1 7 -93.149 -409.442 258.038 0.383 0 -0.924 -0.924 0 -0.383 0 1 0 6590.dat
1 7 -111.627 -417.095 258.038 0.383 0 -0.924 -0.924 0 -0.383 0 1 0 6590.dat
1 7 -148.582 -432.403 258.038 0 -0.383 -0.924 0 0.924 -0.383 1 0 0 32034.dat
1 7 -148.582 -432.403 158.038 0 -0.383 -0.924 0 0.924 -0.383 1 0 0 32034.dat
1 0 -194.776 -451.537 258.038 -0.924 -0.383 0 -0.383 0.924 0 0 0 -1 3705.dat
1 0 -194.776 -451.537 158.038 -0.924 -0.383 0 -0.383 0.924 0 0 0 -1 3705.dat
1 7 -185.537 -447.71 258.038 0.383 0 -0.924 -0.924 0 -0.383 0 1 0 6590.dat
1 7 -204.015 -455.364 258.038 0.383 0 -0.924 -0.924 0 -0.383 0 1 0 6590.dat
1 7 -240.97 -470.671 258.038 0 0.383 -0.924 0 -0.924 -0.383 -1 0 0 32016.dat
1 7 -240.97 -470.671 158.038 0 0.383 -0.924 0 -0.924 -0.383 -1 0 0 32016.dat
1 7 -185.537 -447.71 138.038 -0.924 -0.383 0 -0.383 0.924 0 0 0 -1 32039.dat
1 7 -138.632 -456.423 198.038 0 -0.383 -0.924 0 0.924 -0.383 1 0 0 ball_dispenser.ldr
1 7 -148.582 -432.403 -101.962 0 -0.383 -0.924 0 0.924 -0.383 1 0 0 32034.dat
1 0 -194.776 -451.537 -101.962 -0.924 -0.383 0 -0.383 0.924 0 0 0 -1 3705.dat
1 7 -185.537 -447.71 -81.962 -0.924 0.383 0 -0.383 -0.924 0 0 0 1 32039.dat
1 7 -240.97 -470.671 -101.962 0 0.383 -0.924 0 -0.924 -0.383 -1 0 0 32016.dat
1 7 -270.97 -470.671 -101.962 -1 0 0 0 -1 0 0 0 1 4109810.dat
1 7 -270.97 -470.671 158.038 -1 0 0 0 -1 0 0 0 1 4109810.dat
1 7 -270.97 -470.671 258.038 -1 0 0 0 -1 0 0 0 1 4109810.dat
1 7 -300.97 -470.671 -101.962 0 -0.383 0.924 0 -0.924 -0.383 1 0 0 32016.dat
1 7 -300.97 -470.671 158.038 0 -0.383 0.924 0 -0.924 -0.383 1 0 0 32016.dat
1 7 -300.97 -470.671 258.038 0 -0.383 0.924 0 -0.924 -0.383 1 0 0 32016.dat
1 7 -328.686 -459.19 -101.962 -0.924 -0.383 0 0.383 -0.924 0 0 0 1 4109810.dat
1 7 -328.686 -459.19 158.038 -0.924 -0.383 0 0.383 -0.924 0 0 0 1 4109810.dat
1 7 -328.686 -459.19 258.038 -0.924 -0.383 0 0.383 -0.924 0 0 0 1 4109810.dat
1 7 -356.403 -447.71 -101.962 0 -1 0 0 0 -1 1 0 0 32015.dat
1 7 -356.403 -447.71 158.038 0 -1 0 0 0 -1 1 0 0 32015.dat
1 7 -356.403 -447.71 258.038 0 -1 0 0 0 -1 1 0 0 32015.dat
1 0 -356.403 -337.71 158.038 0 -1 0 -1 0 0 0 0 -1 3737.dat
1 0 -356.403 -337.71 258.038 0 -1 0 -1 0 0 0 0 -1 3737.dat
1 0 -356.403 -327.71 -101.962 0 -1 0 -1 0 0 0 0 -1 3737.dat
1 7 -356.403 -272.71 138.038 0 1 0 1 0 0 0 0 -1 32039.dat
1 7 -356.403 -272.71 33.038 0 1 0 0 0 1 1 0 0 370826.dat
1 7 -356.403 -272.71 -81.962 0 -1 0 1 0 0 0 0 1 32039.dat
1 7 -356.403 -272.71 -61.962 0 1 0 -1 0 0 0 0 1 6590.dat
1 7 -356.403 -272.71 -41.962 0 1 0 -1 0 0 0 0 1 6590.dat
1 7 -336.403 -272.71 -21.962 0 0 1 0 -1 0 1 0 0 32039.dat
1 7 -356.403 -272.71 -1.962 0 1 0 -1 0 0 0 0 1 6590.dat
1 7 -336.403 -272.71 18.038 0 0 1 0 -1 0 1 0 0 32039.dat
1 7 40 -273 18 0 0 -1 0 1 0 1 0 0 32039.dat
1 7 60 -273 -2 0 -1 0 1 0 0 0 0 1 6590.dat
1 7 40 -273 -22 0 0 -1 0 1 0 1 0 0 32039.dat
1 7 60 -273 -42 0 -1 0 1 0 0 0 0 1 6590.dat
1 7 60 -273 -62 0 -1 0 1 0 0 0 0 1 6590.dat
1 7 -286.403 -272.71 -21.962 -1 0 0 0 -1 0 0 0 1 370626.dat
1 7 -286.403 -272.71 18.038 -1 0 0 0 -1 0 0 0 1 370626.dat
1 7 -226.403 -272.71 18.038 0 0 -1 0 -1 0 -1 0 0 6538a.dat
1 7 -226.403 -272.71 -21.962 0 0 -1 0 -1 0 -1 0 0 6538a.dat
1 0 -176.403 -272.71 18.038 1 0 0 0 -1 0 0 0 -1 32073.dat
1 0 -176.403 -272.71 -21.962 1 0 0 0 -1 0 0 0 -1 32073.dat
1 7 -126.403 -272.71 -21.962 0 0 -1 0 -1 0 -1 0 0 6538a.dat
1 7 -126.403 -272.71 18.038 0 0 -1 0 -1 0 -1 0 0 6538a.dat
1 7 -40 -273 -22 -1 0 0 0 0 -1 0 -1 0 370726.dat
1 7 -39 -273 18 -1 0 0 0 0 -1 0 -1 0 370726.dat
1 7 -185.537 -447.71 32.038 0 0.383 -0.924 0 -0.924 -0.383 -1 0 0 370826.dat
1 7 -102.388 -413.268 -61.962 0.383 0.924 0 -0.924 0.383 0 0 0 1 6590.dat
1 7 -102.388 -413.268 -41.962 0.383 0.924 0 -0.924 0.383 0 0 0 1 6590.dat
1 7 -102.388 -413.268 -21.962 0.383 0.924 0 -0.924 0.383 0 0 0 1 6590.dat
1 7 -185.537 -447.71 -41.962 0.383 0.924 0 -0.924 0.383 0 0 0 1 6590.dat
1 7 -185.537 -447.71 -61.962 0.383 0.924 0 -0.924 0.383 0 0 0 1 6590.dat
1 7 -356.403 -447.71 -91.962 0 -1 0 0 0 -1 1 0 0 6562.dat
1 7 -356.403 -447.71 208.038 0 -1 0 0 0 -1 1 0 0 370726.dat
1 7 -356.403 -447.71 278.038 0 1 0 -1 0 0 0 0 1 6590.dat
1 7 -356.403 -447.71 128.038 0 1 0 1 0 0 0 0 -1 6538a.dat
1 7 -356.403 -447.71 -71.962 0 1 0 1 0 0 0 0 -1 6538a.dat
1 0 -356.403 -447.71 28.038 0 -1 0 0 0 -1 1 0 0 3737.dat
1 7 -356.403 -447.71 -41.962 0 1 0 -1 0 0 0 0 1 6590.dat
1 7 -336.403 -447.71 18.038 0 0 1 0 -1 0 1 0 0 32039.dat
1 7 -336.403 -447.71 -21.962 0 0 1 0 -1 0 1 0 0 32039.dat
1 7 -356.403 -447.71 -1.962 0 1 0 -1 0 0 0 0 1 6590.dat
1 7 -185.537 -447.71 -21.962 0 0 1 0 -1 0 1 0 0 4211550.dat
1 7 -185.537 -447.71 19.038 0 0 1 0 -1 0 1 0 0 4211550.dat
1 7 -177.883 -466.187 -1.962 0 -0.924 0.383 0 -0.383 -0.924 1 0 0 32039.dat
1 7 -94.734 -431.746 -1.962 0 -0.924 0.383 0 -0.383 -0.924 1 0 0 32039.dat
1 7 -90.907 -440.985 -1.962 0.383 -0.924 0 -0.924 -0.383 0 0 0 -1 4109810.dat
1 7 -174.057 -475.426 -1.962 0.383 -0.924 0 -0.924 -0.383 0 0 0 -1 4109810.dat
1 0 -326.403 -447.71 -21.962 -1 0 0 0 -1 0 0 0 1 4109810.dat
1 0 -326.403 -447.71 18.038 -1 0 0 0 -1 0 0 0 1 4109810.dat
1 7 -306.403 -447.71 18.038 0 0 -1 0 1 0 1 0 0 6538a.dat
1 7 -306.403 -447.71 -21.962 0 0 -1 0 1 0 1 0 0 6538a.dat
1 0 -249.403 -447.71 -21.962 -1 0 0 0 0 1 0 1 0 32073.dat
1 0 -256.403 -447.71 18.038 -1 0 0 0 0 1 0 1 0 32073.dat
1 7 -204.015 -455.364 -101.962 0.383 0 -0.924 -0.924 0 -0.383 0 1 0 6590.dat
1 7 -204.015 -455.364 158.038 0.383 0 -0.924 -0.924 0 -0.383 0 1 0 6590.dat
1 7 -162.576 -503.143 -1.962 0.924 0 0.383 0.383 0 -0.924 0 1 0 4211550.dat
1 7 -79.427 -468.701 -1.962 0.924 0 0.383 0.383 0 -0.924 0 1 0 4211550.dat
1 7 -79.427 -468.701 -1.962 0.924 0 0.383 0.383 0 -0.924 0 1 0 370526.dat
1 7 -60.949 -461.047 -1.962 0.383 0 -0.924 -0.924 0 -0.383 0 1 0 6590.dat
1 7 -97.905 -476.355 -1.962 0.383 0 -0.924 -0.924 0 -0.383 0 1 0 6590.dat
1 7 -190.292 -514.623 -1.962 0.924 0 -0.383 0.383 0 0.924 0 -1 0 370626.dat
1 7 -148.718 -497.402 -1.962 -0.383 0 -0.924 0.924 0 -0.383 0 -1 0 32123a.dat
1 7 -147.133 -475.098 -1.962 0 0.383 0.924 0 -0.924 0.383 1 0 0 6575.dat
1 7 -119.416 -463.617 -1.962 0 0.383 0.924 0 -0.924 0.383 1 0 0 6575.dat
1 0 -133.275 -469.358 -1.962 -0.924 0.383 0 -0.383 -0.924 0 0 0 1 4109810.dat
1 7 -47.091 -455.307 -1.962 -0.383 0 -0.924 0.924 0 -0.383 0 -1 0 32123a.dat
1 7 -181.054 -510.796 -1.962 0.383 0 -0.924 -0.924 0 -0.383 0 1 0 6590.dat
1 7 -210.618 -523.042 -1.962 0.383 0 0.924 -0.924 0 0.383 0 -1 0 3650c.dat
1 7 60 -346 -91.962 0 1 0 0 0 1 1 0 0 6562.dat
1 7 60 -346 -71.962 1 0 0 0 -1 0 0 0 -1 6538a.dat
1 7 60 -346 128.038 1 0 0 0 -1 0 0 0 -1 6538a.dat
1 0 60 -346 28.038 0 1 0 0 0 -1 -1 0 0 3737.dat
0 FILE conveyor_support_a.ldr
0 Name: Conveyor Support A
0 Author: KaiN
0 !LICENSE MIT

1 0 0 3 -5 0 1 0 -0.6 0 0.8 0.8 0 0.6 6629.dat
1 7 10 83 95 -1 0 0 0 -1 0 0 0 1 3673.dat
1 7 10 83 75 -1 0 0 0 -1 0 0 0 1 3673.dat
1 0 20 3 175 0 -1 0 -0.6 0 0.8 -0.8 0 -0.6 6629.dat
1 0 20 118 156 0 0 -1 0 1 0 1 0 0 3700.dat
1 7 45 128 156 0 0 -1 -0.492 0.871 0 0.871 0.492 0 32123a.dat
1 0 40 83 115 0 -1 0 0.667 0 0.745 -0.745 0 0.667 2825.dat
1 7 30 128 156 1 0 0 0 0.5 0.866 0 -0.866 0.5 3749.dat
1 0 -20 83 56 0 1 0 0.667 0 0.745 0.745 0 -0.667 2825.dat
1 7 30 83 115 1 0 0 0 0.667 0.745 0 -0.745 0.667 3749.dat
1 7 -10 83 55 -1 0 0 0 -0.745 0.667 0 0.667 0.745 3749.dat
1 7 -10 127.68 15.953 -1 0 0 0 0.745 -0.667 0 -0.667 -0.745 3749.dat
1 0 0 117.68 15.953 0 0 1 0 1 0 -1 0 0 3700.dat
1 0 20 118 16.003 0 0 -1 0 1 0 1 0 0 3700.dat
1 7 -25 127.68 15.953 0 0 1 -0.667 0.745 0 -0.745 -0.667 0 32123a.dat
0 FILE conveyor_support_b.ldr
0 Name: Conveyor Support B
0 Author: KaiN
0 !LICENSE MIT

1 0 0 -16 10 0 1 0 -0.6 0 0.8 0.8 0 0.6 6629.dat
1 7 -10 64 110 -1 0 0 0 -1 0 0 0 1 3673.dat
1 7 -10 64 90 -1 0 0 0 -1 0 0 0 1 3673.dat
1 0 -20 -16 190 0 -1 0 -0.6 0 0.8 -0.8 0 -0.6 6629.dat
1 7 -30 64 130 -1 0 0 0 -0.5 -0.866 0 -0.866 0.5 3749.dat
1 0 20 64 70 0 -1 0 -0.866 0 0.5 -0.5 0 -0.866 2825.dat
1 7 -30 94 181.961 -1 0 0 0 -0.5 -0.866 0 -0.866 0.5 3749.dat
1 0 -20 84 181.961 0 0 -1 0 1 0 1 0 0 3700.dat
1 7 -45 94 181.961 0 0 -1 -0.866 0.5 0 0.5 0.866 0 32123a.dat
1 7 10 64 70 1 0 0 0 0.866 -0.5 0 0.5 0.866 3749.dat
1 0 -40 64 130 0 1 0 -0.866 0 0.5 0.5 0 0.866 2825.dat
1 7 10 94 18.038 1 0 0 0 -0.5 -0.866 0 0.866 -0.5 3749.dat
1 0 0 84 18.038 0 0 1 0 1 0 -1 0 0 3700.dat
1 7 25 94 18.038 0 0 1 -0.866 0.5 0 -0.5 -0.866 0 32123a.dat
0 FILE frame_support_a.ldr
0 Name: Frame support A
0 Author: KaiN
0 !LICENSE MIT
1 7 0 -32 -40 1 0 0 0 0 -1 0 1 0 32039.dat
1 7 0 -12 -40 1 0 0 0 1 0 0 0 1 370526.dat
1 7 30 -12 -40 1 0 0 0 1 0 0 0 1 6536.dat
1 7 -30 -12 -40 1 0 0 0 1 0 0 0 1 6536.dat
1 7 -15 -12 -40 0 0 -1 0 -1 0 -1 0 0 4211573.dat
1 7 15 -12 -40 0 0 -1 0 -1 0 -1 0 0 4211573.dat
1 0 30 8 -40 0 0 -1 0 -1 0 -1 0 0 32556.dat
1 0 -30 8 -40 0 0 -1 0 -1 0 -1 0 0 32556.dat
1 0 10 -2 -20 -1 0 0 0 1 0 0 0 -1 3894.dat
1 0 10 -2 -60 -1 0 0 0 1 0 0 0 -1 3894.dat
0 FILE frame_support_b.ldr
0 Name: Frame support B
0 Author: KaiN
0 !LICENSE MIT
1 7 -50 -40 -20 1 0 0 0 0 -1 0 1 0 32039.dat
1 7 20 -20 -20 1 0 0 0 1 0 0 0 1 6536.dat
1 7 -20 -20 -20 1 0 0 0 1 0 0 0 1 6536.dat
1 7 -35 -20 -20 0 0 -1 0 -1 0 -1 0 0 4211573.dat
1 7 35 -20 -20 0 0 -1 0 -1 0 -1 0 0 4211573.dat
1 0 20 0 -20 0 0 -1 0 -1 0 -1 0 0 32556.dat
1 0 -20 0 -20 0 0 -1 0 -1 0 -1 0 0 32556.dat
1 0 0 -20 -20 -1 0 0 0 1 0 0 0 -1 370626.dat
1 7 50 -40 -20 1 0 0 0 0 -1 0 1 0 32039.dat
1 0 0 -10 -40 1 0 0 0 1 0 0 0 1 3701.dat
1 0 0 -10 0 1 0 0 0 1 0 0 0 1 3701.dat
0 FILE main_conveyor_body.ldr
0 Name: Main conveyor body
0 Author: KaiN
0 !LICENSE MIT
1 0 160 100 -191.961 0 0 -1 0 1 0 1 0 0 3700.dat
1 7 150 110 -191.961 -1 0 0 0 0.614 0.789 0 0.789 -0.614 3749.dat
1 0 140 110 -191.961 0 1 0 0.789 0 -0.614 -0.614 0 -0.789 2825.dat
1 0 160 73.168 -239.325 0 -1 0 0.614 0 -0.789 0.789 0 0.614 6629.dat
1 0 160 100 -361.961 0 0 -1 0 1 0 1 0 0 3700.dat
1 0 140 110 -361.961 0 1 0 -0.791 0 -0.611 -0.611 0 0.791 2825.dat
1 7 150 110 -361.961 -1 0 0 0 0.791 0.611 0 0.611 -0.791 3749.dat
1 0 160 73.317 -314.481 0 1 0 0.611 0 -0.791 -0.791 0 -0.611 6629.dat
1 0 140 -4.957 -575.614 0 1 0 -1 0 0 0 0 1 32278.dat
1 7 150 -4.957 -435.614 1 0 0 0 1 -0.014 0 0.014 1 3749.dat
1 7 150 -4.726 -117.947 1 0 0 0 1 0.017 0 -0.017 1 3749.dat
1 0 140 -4.726 22.053 0 1 0 -1 0 0 0 0 1 32278.dat
1 0 150 -5.075 -137.944 -1 0 0 0 -1 0 0 0 1 3673.dat
1 0 150 -5.424 -157.941 -1 0 0 0 -1 0 0 0 1 3673.dat
1 0 150 -5.244 -415.616 -1 0 0 0 -1 0 0 0 1 3673.dat
1 0 150 -5.53 -395.618 -1 0 0 0 -1 0 0 0 1 3673.dat
1 0 140 -5.424 -277.941 0 -1 0 1 0 0 0 0 1 32278.dat
1 0 150 73.317 -314.481 -1 0 0 0 -0.791 -0.611 0 -0.611 0.791 4519.dat
1 0 150 73.168 -239.325 -1 0 0 0 -0.614 -0.789 0 -0.789 0.614 4519.dat
1 0 150 57.49 -326.709 -1 0 0 0 -1 0 0 0 1 4519.dat
1 0 150 57.38 -227.048 -1 0 0 0 -1 0 0 0 1 4519.dat
1 7 175 73.168 -239.325 0 0 -1 0.614 0.789 0 0.789 -0.614 0 32123a.dat
1 7 175 57.38 -227.048 0 0 -1 0 1 0 1 0 0 32123a.dat
1 7 175 73.317 -314.481 0 0 -1 -0.611 0.791 0 0.791 0.611 0 32123a.dat
1 7 175 57.49 -326.709 0 0 -1 0 1 0 1 0 0 32123a.dat
1 7 130 73.317 -314.481 0 0 -1 -0.611 0.791 0 0.791 0.611 0 3713.dat
1 7 130 73.168 -239.325 0 0 -1 -0.789 0.614 0 0.614 0.789 0 3713.dat
1 0 145 57.49 -276.709 0 1 0 -1 0 0 0 0 1 32063.dat
1 7 130 57.38 -227.048 0 0 -1 1 0 0 0 -1 0 3713.dat
1 7 130 57.49 -326.709 0 0 -1 1 0 0 0 -1 0 3713.dat
0 FILE subModel-1.ldr
0 FILE ball_dispenser.ldr
0 Name: Ball Dispenser
1 0 -10 16 0 1 0 0 0 1 0 0 0 1 2817.dat
1 0 30 16 0 1 0 0 0 1 0 0 0 1 2817.dat
1 0 30 16 100 1 0 0 0 1 0 0 0 1 2817.dat
1 0 -10 16 100 1 0 0 0 1 0 0 0 1 2817.dat
1 0 10 8 20 0 0 1 0 1 0 -1 0 0 3035.dat
1 0 10 8 160 0 0 1 0 1 0 -1 0 0 3032.dat
1 0 10 8 230 -1 0 0 0 1 0 0 0 -1 3710.dat
1 0 10 0 160 0 0 1 0 1 0 -1 0 0 3035.dat
1 0 10 0 40 0 0 1 0 1 0 -1 0 0 3031.dat
1 0 10 0 -40 -1 0 0 0 1 0 0 0 -1 302026.dat
1 0 10 -8 -40 -1 0 0 0 1 0 0 0 -1 302026.dat
1 0 -20 -32 -40 0 0 -1 0 1 0 1 0 0 3700.dat
1 0 20 -32 -40 0 0 -1 0 1 0 1 0 0 3700.dat
1 7 0 -16 -40 0 0 -1 0 1 0 1 0 0 30070.dat
1 7 10 0 -10 -1 0 0 0 1 0 0 0 -1 91143.dat
1 0 10 -8 80 0 0 1 0 1 0 -1 0 0 3035.dat
1 0 10 -8 200 0 0 1 0 1 0 -1 0 0 3031.dat
1 7 20 -16 40 0 0 1 0 1 0 -1 0 0 91143.dat
1 7 20 -16 120 0 0 1 0 1 0 -1 0 0 91143.dat
1 0 20 -16 190 0 0 1 0 1 0 -1 0 0 3623.dat
1 7 20 -40 210 1 0 0 0 1 0 0 0 1 4286.dat
1 47 40 -32 40 0 0 1 0 1 0 -1 0 0 3010.dat
1 47 40 -32 120 0 0 1 0 1 0 -1 0 0 3010.dat
1 47 0 -32 120 0 0 1 0 1 0 -1 0 0 3010.dat
1 47 0 -32 40 0 0 1 0 1 0 -1 0 0 3010.dat
1 0 40 -32 200 0 0 1 0 1 0 -1 0 0 3010.dat
1 0 0 -32 200 0 0 1 0 1 0 -1 0 0 3010.dat
1 0 20 -40 230 -1 0 0 0 1 0 0 0 -1 3623.dat
1 0 20 -40 10 -1 0 0 0 1 0 0 0 -1 3623.dat
1 0 0 -40 80 0 0 -1 0 1 0 1 0 0 3666.dat
1 0 40 -40 80 0 0 -1 0 1 0 1 0 0 3666.dat
1 0 40 -40 180 0 0 -1 0 1 0 1 0 0 371026.dat
1 0 0 -40 180 0 0 -1 0 1 0 1 0 0 371026.dat
1 0 10 -32 -10 1 0 0 0 1 0 0 0 1 6225.dat
1 0 10 -40 -30 0 0 1 0 1 0 -1 0 0 3021.dat
1 0 20 -48 20 -1 0 0 0 1 0 0 0 -1 3021.dat
1 0 20 -48 60 -1 0 0 0 1 0 0 0 -1 3021.dat
1 0 20 -48 100 -1 0 0 0 1 0 0 0 -1 3021.dat
1 0 20 -48 220 -1 0 0 0 1 0 0 0 -1 3021.dat
1 0 40 -48 160 0 0 -1 0 1 0 1 0 0 371026.dat
1 0 0 -48 160 0 0 -1 0 1 0 1 0 0 371026.dat
1 0 0 -56 200 0 0 -1 0 1 0 1 0 0 371026.dat
1 0 40 -56 200 0 0 -1 0 1 0 1 0 0 371026.dat
1 0 20 -56 220 0 0 -1 0 1 0 1 0 0 6225.dat
1 0 20 -56 140 -1 0 0 0 1 0 0 0 -1 3021.dat
1 0 20 -64 160 -1 0 0 0 1 0 0 0 -1 3021.dat
1 0 0 -64 200 0 0 -1 0 1 0 1 0 0 6225.dat
1 0 40 -64 210 -1 0 0 0 1 0 0 0 -1 63325.dat
1 0 40 -88 180 0 0 -1 0 1 0 1 0 0 93792.dat
1 0 0 -88 200 0 0 -1 0 1 0 1 0 0 93792.dat
1 0 30 -88 210 -1 0 0 0 1 0 0 0 -1 93792.dat
1 0 10 -88 170 -1 0 0 0 1 0 0 0 -1 93792.dat
1 0 10 -112 210 -1 0 0 0 1 0 0 0 -1 93792.dat
1 0 30 -112 170 -1 0 0 0 1 0 0 0 -1 93792.dat
1 0 40 -112 200 0 0 -1 0 1 0 1 0 0 93792.dat
1 0 0 -112 180 0 0 -1 0 1 0 1 0 0 93792.dat
1 0 10 -48 -30 0 0 1 0 1 0 -1 0 0 3021.dat
1 0 10 -56 0 0 0 1 0 1 0 -1 0 0 303226.dat
1 7 50 26 0 1 0 0 0 1 0 0 0 1 4121715.dat
1 7 50 26 100 1 0 0 0 1 0 0 0 1 4121715.dat
1 7 -30 26 100 1 0 0 0 1 0 0 0 1 4121715.dat
1 7 -30 26 0 1 0 0 0 1 0 0 0 1 4121715.dat
