0 FILE main.ldr
0 Author: KaiN
0 !LICENSE MIT

1 16 20 -80 -380 1 0 0 0 1 0 0 0 1 conveyor_support_a.ldr
1 7 -120 -80 496.076 -1 0 0 0 1 0 0 0 -1 conveyor_support_a.ldr
1 7 -120 -64 -390 1 0 0 0 1 0 0 0 1 conveyor_support_b.ldr
1 7 20 -64 506.076 -1 0 0 0 1 0 0 0 -1 conveyor_support_b.ldr
1 7 -150 44 288.038 -1 0 0 0 1 0 0 0 -1 u1193.dat
1 7 -150 44 -191.962 -1 0 0 0 1 0 0 0 -1 u1193.dat
1 7 -240 -64 -390 1 0 0 0 1 0 0 0 1 conveyor_support_b.ldr
1 0 100 22 -81.962 0 0 1 0 1 0 -1 0 0 frame_support_a.ldr
1 0 -340 22 -61.962 1 0 0 0 1 0 0 0 1 frame_support_a.ldr
1 0 80 30 208.038 0 0 1 0 1 0 -1 0 0 frame_support_b.ldr
1 0 -320 30 208.038 0 0 1 0 1 0 -1 0 0 frame_support_b.ldr
1 16 40 -80 -213.923 -1 0 0 0 1 0 0 0 -1 main_conveyor_body.ldr
1 0 -140 -80 339.999 1 0 0 0 1 0 0 0 1 main_conveyor_body.ldr
0 FILE conveyor_support_a.ldr
0 Name: Conveyor Support A
0 Author: KaiN
0 !LICENSE MIT

1 0 0 0 0 0 1 0 -0.6 0 0.8 0.8 0 0.6 6629.dat
1 7 10 80 100 -1 0 0 0 -1 0 0 0 1 3673.dat
1 7 10 80 80 -1 0 0 0 -1 0 0 0 1 3673.dat
1 0 20 0 180 0 -1 0 -0.6 0 0.8 -0.8 0 -0.6 6629.dat
1 7 30 80 120 1 0 0 0 0.866 0.5 0 -0.5 0.866 3749.dat
1 0 40 80 120 0 -1 0 0.866 0 0.5 -0.5 0 0.866 2825.dat
1 7 30 110 171.961 1 0 0 0 0.5 0.866 0 -0.866 0.5 3749.dat
1 0 20 100 171.961 0 0 -1 0 1 0 1 0 0 3700.dat
1 7 45 110 171.961 0 0 -1 -0.5 0.866 0 0.866 0.5 0 32123a.dat
1 7 -10 80 60 -1 0 0 0 0.5 -0.866 0 -0.866 -0.5 3749.dat
1 0 -20 80 60 0 1 0 0.866 0 0.5 0.5 0 -0.866 2825.dat
1 7 -10 110 8.038 -1 0 0 0 -0.5 -0.866 0 -0.866 0.5 3749.dat
1 0 0 100 8.038 0 0 1 0 1 0 -1 0 0 3700.dat
1 7 -25 110 8.038 0 0 1 -0.5 0.866 0 -0.866 -0.5 0 32123a.dat
0 FILE conveyor_support_b.ldr
0 Name: Conveyor Support B
0 Author: KaiN
0 !LICENSE MIT

1 0 0 -16 10 0 1 0 -0.6 0 0.8 0.8 0 0.6 6629.dat
1 7 -10 64 110 -1 0 0 0 -1 0 0 0 1 3673.dat
1 7 -10 64 90 -1 0 0 0 -1 0 0 0 1 3673.dat
1 0 -20 -16 190 0 -1 0 -0.6 0 0.8 -0.8 0 -0.6 6629.dat
1 7 -30 64 130 -1 0 0 0 -0.5 -0.866 0 -0.866 0.5 3749.dat
1 0 20 64 70 0 -1 0 -0.866 0 0.5 -0.5 0 -0.866 2825.dat
1 7 -30 94 181.961 -1 0 0 0 -0.5 -0.866 0 -0.866 0.5 3749.dat
1 0 -20 84 181.961 0 0 -1 0 1 0 1 0 0 3700.dat
1 7 -45 94 181.961 0 0 -1 -0.866 0.5 0 0.5 0.866 0 32123a.dat
1 7 10 64 70 1 0 0 0 0.866 -0.5 0 0.5 0.866 3749.dat
1 0 -40 64 130 0 1 0 -0.866 0 0.5 0.5 0 0.866 2825.dat
1 7 10 94 18.038 1 0 0 0 -0.5 -0.866 0 0.866 -0.5 3749.dat
1 0 0 84 18.038 0 0 1 0 1 0 -1 0 0 3700.dat
1 7 25 94 18.038 0 0 1 -0.866 0.5 0 -0.5 -0.866 0 32123a.dat
0 FILE frame_support_a.ldr
0 Name: Frame support A
0 Author: KaiN
0 !LICENSE MIT
1 7 0 -32 -40 1 0 0 0 0 -1 0 1 0 32039.dat
1 7 0 -12 -40 1 0 0 0 1 0 0 0 1 370526.dat
1 7 30 -12 -40 1 0 0 0 1 0 0 0 1 6536.dat
1 7 -30 -12 -40 1 0 0 0 1 0 0 0 1 6536.dat
1 7 -15 -12 -40 0 0 -1 0 -1 0 -1 0 0 4211573.dat
1 7 15 -12 -40 0 0 -1 0 -1 0 -1 0 0 4211573.dat
1 0 30 8 -40 0 0 -1 0 -1 0 -1 0 0 32556.dat
1 0 -30 8 -40 0 0 -1 0 -1 0 -1 0 0 32556.dat
1 0 10 -2 -20 -1 0 0 0 1 0 0 0 -1 3894.dat
1 0 10 -2 -60 -1 0 0 0 1 0 0 0 -1 3894.dat
0 FILE frame_support_b.ldr
0 Name: Frame support B
0 Author: KaiN
0 !LICENSE MIT
1 7 -50 -40 -20 1 0 0 0 0 -1 0 1 0 32039.dat
1 7 20 -20 -20 1 0 0 0 1 0 0 0 1 6536.dat
1 7 -20 -20 -20 1 0 0 0 1 0 0 0 1 6536.dat
1 7 -35 -20 -20 0 0 -1 0 -1 0 -1 0 0 4211573.dat
1 7 35 -20 -20 0 0 -1 0 -1 0 -1 0 0 4211573.dat
1 0 20 0 -20 0 0 -1 0 -1 0 -1 0 0 32556.dat
1 0 -20 0 -20 0 0 -1 0 -1 0 -1 0 0 32556.dat
1 0 0 -20 -20 -1 0 0 0 1 0 0 0 -1 370626.dat
1 7 50 -40 -20 1 0 0 0 0 -1 0 1 0 32039.dat
1 0 0 -10 -40 1 0 0 0 1 0 0 0 1 3701.dat
1 0 0 -10 0 1 0 0 0 1 0 0 0 1 3701.dat
0 FILE main_conveyor_body.ldr
0 Name: Main conveyor body
0 Author: KaiN
0 !LICENSE MIT
1 0 160 100 -191.961 0 0 -1 0 1 0 1 0 0 3700.dat
1 7 150 110 -191.961 -1 0 0 0 0.614 0.789 0 0.789 -0.614 3749.dat
1 0 140 110 -191.961 0 1 0 0.789 0 -0.614 -0.614 0 -0.789 2825.dat
1 0 160 73.168 -239.325 0 -1 0 0.614 0 -0.789 0.789 0 0.614 6629.dat
1 0 160 100 -361.961 0 0 -1 0 1 0 1 0 0 3700.dat
1 0 140 110 -361.961 0 1 0 -0.791 0 -0.611 -0.611 0 0.791 2825.dat
1 7 150 110 -361.961 -1 0 0 0 0.791 0.611 0 0.611 -0.791 3749.dat
1 0 160 73.317 -314.481 0 1 0 0.611 0 -0.791 -0.791 0 -0.611 6629.dat
1 0 140 -4.957 -575.614 0 1 0 -1 0 0 0 0 1 32278.dat
1 7 150 -4.957 -435.614 1 0 0 0 1 -0.014 0 0.014 1 3749.dat
1 7 150 -4.726 -117.947 1 0 0 0 1 0.017 0 -0.017 1 3749.dat
1 0 140 -4.726 22.053 0 1 0 -1 0 0 0 0 1 32278.dat
1 0 150 -5.075 -137.944 -1 0 0 0 -1 0 0 0 1 3673.dat
1 0 150 -5.424 -157.941 -1 0 0 0 -1 0 0 0 1 3673.dat
1 0 150 -5.244 -415.616 -1 0 0 0 -1 0 0 0 1 3673.dat
1 0 150 -5.53 -395.618 -1 0 0 0 -1 0 0 0 1 3673.dat
1 0 140 -5.424 -277.941 0 -1 0 1 0 0 0 0 1 32278.dat
1 0 150 73.317 -314.481 -1 0 0 0 -0.791 -0.611 0 -0.611 0.791 4519.dat
1 0 150 73.168 -239.325 -1 0 0 0 -0.614 -0.789 0 -0.789 0.614 4519.dat
1 0 150 57.49 -326.709 -1 0 0 0 -1 0 0 0 1 4519.dat
1 0 150 57.38 -227.048 -1 0 0 0 -1 0 0 0 1 4519.dat
1 7 175 73.168 -239.325 0 0 -1 0.614 0.789 0 0.789 -0.614 0 32123a.dat
1 7 175 57.38 -227.048 0 0 -1 0 1 0 1 0 0 32123a.dat
1 7 175 73.317 -314.481 0 0 -1 -0.611 0.791 0 0.791 0.611 0 32123a.dat
1 7 175 57.49 -326.709 0 0 -1 0 1 0 1 0 0 32123a.dat
1 7 130 73.317 -314.481 0 0 -1 -0.611 0.791 0 0.791 0.611 0 3713.dat
1 7 130 73.168 -239.325 0 0 -1 -0.789 0.614 0 0.614 0.789 0 3713.dat
1 0 145 57.49 -276.709 0 1 0 -1 0 0 0 0 1 32063.dat
1 7 130 57.38 -227.048 0 0 -1 1 0 0 0 -1 0 3713.dat
1 7 130 57.49 -326.709 0 0 -1 1 0 0 0 -1 0 3713.dat
