0 !LEOCAD GROUP BEGIN conveyor_support
1 0 -80 -24 -90 1 0 0 0 1 0 0 0 1 3700.DAT
1 0 -30.794258 -48.287407 -109.998619 -0.573536 0.00001 -0.819181 -0.819181 0.000007 0.573536 0.000012 1 0.000004 32006.DAT
1 7 -80.000801 -13.83341 -99.999733 0.000026 -0.81915 0.573579 0 0.573579 0.81915 -1 -0.000021 0.000015 3749.DAT
1 0 -88.36338 -128.779388 -89.586166 0.804729 -0.020133 0.5933 -0.593126 0.014364 0.804981 -0.024729 -0.999694 -0.000382 6629.DAT
1 0 80 -24 -70 -1 0 0.000053 0 1 0 -0.000053 0 -1 3700.DAT
1 0 30.793251 -48.287216 -50.003922 0.573534 0.000043 0.819182 -0.819182 0.000007 0.573534 0.000019 -1 0.000039 32006.DAT
1 7 80.000275 -13.833406 -60.000256 -0.000079 0.819151 -0.573578 0 0.573578 0.819151 1 0.000065 -0.000045 3749.DAT
1 0 -9.206643 -48 -80.224335 0.000027 0 1 0 1 0 -1 0 0.000027 3673.DAT
1 0 10.793358 -48 -80.223801 0.000027 0 1 0 1 0 -1 0 0.000027 3673.DAT
1 0 90.659218 -129.06076 -70.777512 -0.804731 0.02008 -0.5933 -0.593126 0.014364 0.804981 0.024687 0.999695 0.000351 6629.DAT
1 7 -29.206097 -48 -100.224869 0.000027 -0.819203 0.573503 0 0.573503 0.819203 -1 -0.000022 0.000015 3749.DAT
1 7 30.79282 -48 -60.223244 -0.00008 0.819168 -0.573554 0 0.573554 0.819168 1 0.000066 -0.000046 3749.DAT
1 7 80.000275 -13.833406 -45 0.57351 0.819198 0 -0.819198 0.57351 0 0 0 1 32123A.DAT
1 7 -79.999725 -13.833406 -115 0.57351 0.819198 0 -0.819198 0.57351 0 0 0 1 32123A.DAT
0 !LEOCAD GROUP END
